44.0 43.0 2.3736477827122884
44.237235219757395 41.44662583543563 2.216968891916522
44.47447043951479 39.89325167087126 2.060290001120756
44.71170565927219 38.33987750630689 1.9036111103249898
44.948940879029585 36.78650334174252 1.7469322195292236
45.18617609878698 35.23312917717815 1.5902533287334575
44.762821802993514 33.739548963758345 1.5255556587952332
44.33946750720004 32.245968750338534 1.4608579888570092
43.916113211406575 30.75238853691873 1.396160318918785
43.49275891561311 29.258808323498926 1.3314626489805608
43.06940461981964 27.765228110079118 1.2667649790423368
42.64605032402617 26.27164789665931 1.2020673091041125
42.222696028232704 24.778067683239506 1.1373696391658883
41.10255878469715 25.109460491750504 1.4193486688882815
39.98242154116159 25.440853300261498 1.701327698610675
38.78366177156695 26.687357936630384 1.927797851862957
37.5849020019723 27.93386257299927 2.1542680051152394
36.19096194532379 28.55232870520572 2.2961453333303474
34.79702188867528 29.170794837412167 2.4380226615454554
33.40308183202677 29.789260969618617 2.5798999897605635
32.056484726754455 30.104744566258315 2.8082897515159453
30.70988762148214 30.42022816289801 3.0366795132713276
29.363290516209823 30.735711759537708 -3.018116032152877
28.01669341093751 31.051195356177406 -2.789726270397495
26.670096305665194 31.3666789528171 -2.5613365086421127
25.323499200392877 31.682162549456798 -2.3329467468867304
23.692327364893984 30.81003612694813 -2.352735619487431
22.061155529395094 29.937909704439463 -2.3725244920881314
22.506204860550607 28.55911264433333 -2.910399064337442
22.95125419170612 27.180315584227195 2.8349116705928337
23.396303522861636 25.801518524121057 2.297037098343524
23.84135285401715 24.422721464014923 1.7591625260942134
24.286402185172662 23.04392440390879 1.2212879538449029
23.736838476307437 21.727332874461723 1.1024155842468977
23.18727476744221 20.410741345014653 0.9835432146488925
22.63771105857699 19.094149815567587 0.8646708450508873
22.088147349711765 17.777558286120517 0.7457984754528821
21.53858364084654 16.46096675667345 0.6269261058548768
20.989019931981314 15.144375227226382 0.5080537362568717
20.26248979014629 13.89065614001257 0.578082909018112
19.535959648311266 12.636937052798759 0.6481120817793523
18.809429506476242 11.383217965584949 0.7181412545405926
18.082899364641218 10.129498878371137 0.788170427301833
17.356369222806194 8.875779791157326 0.8581996000630733
16.885411623925613 7.4849081211049135 0.9221653300113255
16.41445402504503 6.0940364510525 0.9861310599595778
15.943496426164446 4.703164781000088 1.0500967899078302
15.472538827283863 3.3122931109476745 1.1140625198560823
15.00158122840328 1.9214214408952612 1.1780282498043348
14.530623629522697 0.5305497708428497 1.241993979752587
14.059666030642115 -0.8603218992095654 1.3059597097008393
13.444389994498929 -2.321953234051457 1.290225909056265
12.829113958355745 -3.7835845688933487 1.2744921084116907
12.213837922212559 -5.24521590373524 1.2587583077671165
11.598561886069373 -6.706847238577132 1.2430245071225423
10.983285849926189 -8.168478573419023 1.227290706477968
10.368009813783003 -9.630109908260916 1.2115569058333937
9.752733777639818 -11.091741243102806 1.1958231051888193
9.137457741496632 -12.5533725779447 1.180089304544245
7.871987127682637 -13.22048055572622 1.0045972703238584
6.606516513868641 -13.887588533507742 0.8291052361034714
5.341045900054646 -14.554696511289261 0.6536132018830847
4.07557528624065 -15.221804489070783 0.47812116766269774
2.8101046724266547 -15.888912466852304 0.302629133442311
1.4898769254292334 -15.29645421508624 -0.18012927979751076
0.16964917843181215 -14.703995963320176 -0.6628876930373325
-1.1505785685656091 -14.111537711554114 -1.1456461062771544
-2.4708063155630304 -13.519079459788049 -1.628404519516976
-1.584511585613509 -11.873704217312987 -1.7501128921158664
-0.6982168556639876 -10.228328974837927 -1.8718212647147567
-0.1622346761485377 -9.060174412034264 -1.8094497963963565
0.3737475033669122 -7.8920198492306035 -1.747078328077956
0.9097296828823622 -6.723865286426942 -1.6847068597595558
1.445711862397812 -5.55571072362328 -1.6223353914411556
0.22279645931676129 -3.7695827802610893 -1.421749823193273
-0.34360177034161943 -2.0047913901305447 -0.7108749115966365
-0.91 -0.24 0.0