35.0 41.0 0.0
33.486599564808486 40.68804148509865 -0.05448475304562608
31.973199129616972 40.3760829701973 -0.10896950609125217
30.45979869442546 40.06412445529595 -0.16345425913687825
28.94639825923395 39.752165940394605 -0.21793901218250433
27.432997824042435 39.440207425493256 -0.27242376522813044
25.91959738885092 39.12824891059191 -0.3269085182737565
24.406196953659407 38.81629039569056 -0.3813932713193826
22.892796518467897 38.50433188078921 -0.43587802436500866
21.379396083276383 38.19237336588786 -0.4903627774106347
19.86599564808487 37.88041485098651 -0.5448475304562609
18.352595212893355 37.56845633608516 -0.5993322835018868
16.83919477770184 37.256497821183814 -0.653817036547513
15.325794342510331 36.944539306282465 -0.708301789593139
13.812393907318814 36.632580791381116 -0.7627865426387652
12.298993472127304 36.32062227647977 -0.8172712956843912
10.78559303693579 36.00866376157842 -0.8717560487300173
9.272192601744276 35.69670524667707 -0.9262408017756434
7.758792166552766 35.38474673177572 -0.9807255548212694
6.245391731361249 35.07278821687437 -1.0352103078668957
4.731991296169735 34.76082970197302 -1.0896950609125218
3.2185908609782246 34.448871187071674 -1.1441798139581476
1.7051904257867108 34.136912672170325 -1.1986645670037737
0.19178999059519697 33.82495415726898 -1.2531493200494
-1.3216104445963168 33.51299564236763 -1.307634073095026
-2.8350108797878306 33.20103712746628 -1.362118826140652
-4.348411314979337 32.88907861256493 -1.416603579186278
-5.861811750170858 32.57712009766358 -1.4710883322319044
-7.375212185362372 32.26516158276223 -1.5255730852775304
-8.888612620553879 31.953203067860883 -1.5800578383231563
-10.402013055745392 31.641244552959535 -1.6345425913687823
-11.915413490936913 31.329286038058186 -1.6890273444144086
-13.42881392612842 31.017327523156837 -1.7435120974600347
-14.942214361319936 30.705369008255488 -1.7979968505056607
-16.161350678028278 29.756399471806898 -1.8109730930992816
-17.380486994736618 28.807429935358307 -1.8239493356929026
-18.599623311444958 27.858460398909717 -1.8369255782865235
-19.8187596281533 26.909490862461126 -1.8499018208801443
-21.03789594486164 25.960521326012536 -1.8628780634737652
-22.25703226156998 25.011551789563946 -1.8758543060673862
-23.47616857827832 24.062582253115355 -1.888830548661007
-23.881606518318357 22.520661735601045 -1.8449042568316814
-24.287044458358398 20.978741218086732 -1.8009779650023556
-24.692482398398436 19.436820700572422 -1.75705167317303
-25.097920338438474 17.894900183058112 -1.7131253813437042
-25.503358278478515 16.352979665543803 -1.6691990895143785
-25.908796218518553 14.811059148029491 -1.6252727976850525
-26.31423415855859 13.26913863051518 -1.5813465058557268
-26.719672098598632 11.72721811300087 -1.537420214026401
-27.12511003863867 10.185297595486558 -1.4934939221970753
-27.530547978678708 8.643377077972248 -1.4495676303677496
-27.93598591871875 7.101456560457937 -1.4056413385384239
-28.341423858758787 5.559536042943627 -1.3617150467090982
-28.746861798798825 4.017615525429317 -1.3177887548797724
-29.152299738838867 2.4756950079150037 -1.2738624630504467
-29.557737678878905 0.9337744904006939 -1.2299361712211208
-29.963175618918942 -0.6081460271136159 -1.1860098793917953
-30.368613558958984 -2.1500665446279257 -1.1420835875624693
-30.77405149899902 -3.691987062142239 -1.0981572957331436
-31.17948943903906 -5.233907579656549 -1.0542310039038179
-31.584927379079097 -6.775828097170859 -1.0103047120744921
-31.990365319119135 -8.317748614685168 -0.9663784202451664
-32.39580325915918 -9.859669132199482 -0.9224521284158407
-32.80124119919921 -11.401589649713788 -0.878525836586515
-33.206679139239256 -12.943510167228101 -0.8345995447571892
-33.612117079279294 -14.485430684742415 -0.7906732529278633
-34.01755501931933 -16.02735120225672 -0.7467469610985378
-34.42299295935938 -17.569271719771034 -0.7028206692692118
-34.828430899399414 -19.111192237285348 -0.6588943774398861
-35.23386883943945 -20.653112754799654 -0.6149680856105604
-35.63930677947949 -22.195033272313967 -0.5710417937812347
-36.04474471951953 -23.736953789828274 -0.5271155019519091
-36.450182659559566 -25.278874307342587 -0.4831892101225832
-36.855620599599604 -26.8207948248569 -0.4392629182932575
-37.26105853963965 -28.362715342371207 -0.39533662646393175
-37.66649647967969 -29.90463585988552 -0.351410334634606
-38.071934419719724 -31.446556377399833 -0.3074840428052801
-38.47737235975976 -32.98847689491414 -0.2635577509759546
-38.8828102997998 -34.53039741242846 -0.21963145914662863
-39.28824823983984 -36.072317929942756 -0.17570516731730312
-39.693686179879876 -37.61423844745707 -0.13177887548797718
-40.09912411991992 -39.15615896497138 -0.08785258365865145
-40.50456205995995 -40.698079482485696 -0.043926291829325725
-40.91 -42.24 0.0