35.0 41.0 0.0
33.54686072110929 40.55430926777337 -0.09929703681020534
32.09372144221859 40.10861853554673 -0.19859407362041068
30.640582163327878 39.6629278033201 -0.29789111043061606
29.18744288443717 39.217237071093464 -0.39718814724082135
27.734303605546465 38.771546338866834 -0.4964851840510267
26.281164326655755 38.325855606640204 -0.5957822208612321
24.82802504776505 37.880164874413566 -0.6950792576714374
23.374885768874343 37.434474142186936 -0.7943762944816427
21.921746489983633 36.988783409960305 -0.893673331291848
20.46860721109293 36.54309267773367 -0.9929703681020534
19.01546793220222 36.09740194550704 -1.0922674049122587
17.562328653311514 35.6517112132804 -1.1915644417224642
16.109189374420804 35.20602048105377 -1.2908614785326695
14.656050095530098 34.76032974882714 -1.3901585153428748
13.202910816639392 34.3146390166005 -1.4894555521530801
11.749771537748686 33.86894828437387 -1.5887525889632854
10.29663225885798 33.423257552147234 -1.6880496257734907
8.84349297996727 32.977566819920604 -1.787346662583696
7.390353701076563 32.53187608769397 -1.8866436993939013
5.937214422185857 32.086185355467336 -1.9859407362041068
4.484075143295151 31.640494623240706 -2.085237773014312
3.0309358644044444 31.194803891014075 -2.1845348098245174
1.577796585513731 30.749113158787438 -2.283831846634723
0.12465730662302832 30.303422426560807 -2.3831288834449285
-1.3284819722676815 29.85773169433417 -2.4824259202551335
-2.7816212511583913 29.41204096210754 -2.581722957065339
-4.234760530049094 28.966350229880906 -2.681019993875544
-5.687899808939804 28.52065949765427 -2.7803170306857496
-7.141039087830507 28.07496876542764 -2.8796140674959547
-8.594178366721216 27.629278033201008 -2.9789111043061602
-10.053925596643868 27.010863635667974 -2.8807210202695597
-11.51367282656652 26.392449238134937 -2.782530936232959
-12.973420056489172 25.774034840601903 -2.6843408521963585
-14.433167286411825 25.15562044306887 -2.586150768159758
-15.892914516334478 24.537206045535832 -2.4879606841231574
-17.352661746257127 23.9187916480028 -2.389770600086557
-18.812408976179782 23.300377250469765 -2.2915805160499563
-20.127023773633997 22.53196913941938 -2.2043949136508836
-21.441638571088216 21.763561028368994 -2.1172093112518104
-22.75625336854243 20.99515291731861 -2.0300237088527378
-24.07086816599665 20.226744806268226 -1.942838106453665
-25.385482963450865 19.458336695217838 -1.8556525040545921
-26.70009776090508 18.689928584167454 -1.7684669016555192
-28.0147125583593 17.92152047311707 -1.6812812992564465
-28.35406222787616 16.33832256592978 -1.6370370545391717
-28.69341189739302 14.755124658742488 -1.5927928098218966
-29.03276156690988 13.171926751555196 -1.5485485651046218
-29.37211123642674 11.588728844367905 -1.504304320387347
-29.711460905943603 10.005530937180612 -1.460060075670072
-30.050810575460464 8.422333029993322 -1.415815830952797
-30.390160244977324 6.839135122806031 -1.3715715862355222
-30.729509914494184 5.25593721561874 -1.3273273415182474
-31.068859584011044 3.6727393084314492 -1.2830830968009723
-31.408209253527904 2.0895414012441567 -1.2388388520836975
-31.747558923044764 0.5063434940568641 -1.1945946073664224
-32.08690859256163 -1.0768544131304267 -1.1503503626491476
-32.426258262078484 -2.6600523203177175 -1.1061061179318727
-32.76560793159535 -4.243250227505008 -1.061861873214598
-33.104957601112204 -5.826448134692299 -1.0176176284973228
-33.44430727062907 -7.40964604187959 -0.973373383780048
-33.783656940145924 -8.992843949066884 -0.9291291390627731
-34.12300660966279 -10.576041856254172 -0.8848848943454982
-34.462356279179645 -12.159239763441466 -0.8406406496282233
-34.80170594869651 -13.742437670628757 -0.7963964049109484
-35.14105561821337 -15.325635577816051 -0.7521521601936734
-35.48040528773023 -16.908833485003342 -0.7079079154763985
-35.81975495724709 -18.492031392190633 -0.6636636707591237
-36.15910462676395 -20.075229299377924 -0.6194194260418489
-36.49845429628081 -21.658427206565214 -0.5751751813245738
-36.837803965797676 -23.241625113752505 -0.530930936607299
-37.17715363531453 -24.824823020939796 -0.4866866918900241
-37.51650330483139 -26.408020928127087 -0.44244244717274905
-37.85585297434825 -27.991218835314385 -0.3981982024554742
-38.195202643865116 -29.57441674250167 -0.35395395773819915
-38.53455231338197 -31.15761464968896 -0.3097097130209243
-38.87390198289883 -32.74081255687625 -0.2654654683036495
-39.21325165241569 -34.32401046406355 -0.22122122358637442
-39.552601321932556 -35.90720837125084 -0.17697697886909958
-39.89195099144941 -37.49040627843813 -0.13273273415182474
-40.231300660966276 -39.07360418562541 -0.0884884894345499
-40.57065033048313 -40.65680209281271 -0.04424424471727484
-40.91 -42.24 0.0