44.0 43.0 2.3736477827122884
44.083007286555045 41.410064863564266 2.2790531841214325
44.16601457311009 39.82012972712853 2.1844585855305767
44.249021859665135 38.2301945906928 2.089863986939721
44.33202914622018 36.64025945425706 1.9952693883488648
44.415036432775224 35.050324317821335 1.900674789758009
44.49804371933027 33.4603891813856 1.806080191167153
44.581051005885314 31.870454044949867 1.711485592576297
44.66405829244036 30.280518908514132 1.6168909939854412
44.47984558579781 28.799767379633373 1.6073355263151345
44.295632879155264 27.319015850752614 1.5977800586448279
44.111420172512716 25.838264321871854 1.5882245909745212
43.92720746587017 24.357512792991095 1.5786691233042145
43.74299475922763 22.876761264110332 1.569113655633908
43.55878205258508 21.396009735229576 1.5595581879636014
43.37456934594253 19.915258206348813 1.5500027202932947
43.190356639299985 18.434506677468057 1.540447252622988
43.00614393265744 16.953755148587295 1.5308917849526813
42.70496647641214 15.424883443847168 1.4685728018920792
42.40378902016684 13.896011739107042 1.406253818831477
42.10261156392154 12.367140034366916 1.3439348357708747
41.80143410767624 10.83826832962679 1.2816158527102726
41.500256651430945 9.309396624886663 1.2192968696496704
41.19907919518565 7.780524920146538 1.1569778865890683
40.89790173894035 6.251653215406412 1.0946589035284662
40.59672428269505 4.722781510666286 1.0323399204678638
40.29554682644975 3.1939098059261597 0.9700209374072617
39.0781451448847 2.3128577124877907 0.8483611538713608
37.86074346331965 1.4318056190494213 0.7267013703354599
36.6433417817546 0.5507535256110523 0.6050415867995589
35.42594010018955 -0.33029856782731715 0.483381803263658
34.2085384186245 -1.2113506612656866 0.3617220197277571
32.99113673705945 -2.092402754704055 0.24006223619185607
31.7737350554944 -2.9734548481424246 0.11840245265595517
30.55633337392935 -3.8545069415807944 -0.00325733087994573
29.971913242014267 -5.127272143782532 1.6322727123578826
29.78506775908875 -7.136882465768275 1.731903913261452
28.76276271442905 -8.145377083947793 1.5122290425215756
27.740457669769352 -9.153871702127308 1.2925541717816993
26.718152625109653 -10.162366320306827 1.072879301041823
25.69584758044995 -11.170860938486342 0.8532044303019465
24.673542535790254 -12.179355556665861 0.63352955956207
23.65123749113055 -13.187850174845376 0.4138546888221937
22.628932446470852 -14.196344793024895 0.19417981808231732
21.606627401811153 -15.20483941120441 -0.025495052657559025
20.729070913923454 -14.132576699262296 -0.16039932492224854
19.851514426035752 -13.060313987320182 -0.29530359718693805
18.973957938148054 -11.988051275378066 -0.4302078694516276
18.096401450260355 -10.915788563435951 -0.5651121417163171
17.218844962372653 -9.843525851493835 -0.7000164139810067
16.341288474484955 -8.77126313955172 -0.8349206862456962
15.954989571512556 -7.26590354471656 -0.9238677347004774
15.568690668540155 -5.760543949881399 -1.0128147831552587
15.182391765567756 -4.255184355046237 -1.1017618316100402
14.755038752385417 -2.7452265886945995 -1.1461932992556114
14.32768573920308 -1.2352688223429618 -1.1906247669011825
13.900332726020741 0.27468894400867594 -1.2350562345467537
13.402978503924903 1.8559971652424125 -1.2256428003377067
12.905624281829065 3.437305386476149 -1.2162293661286594
12.408270059733228 5.018613607709885 -1.2068159319196123
11.91091583763739 6.599921828943622 -1.197402497710565
11.413561615541552 8.181230050177358 -1.187989063501518
10.902761176268358 9.640789244712522 -1.2352729066624115
10.391960736995165 11.100348439247687 -1.282556749823305
9.881160297721971 12.559907633782853 -1.3298405929841985
9.370359858448778 14.019466828318016 -1.377124436145092
8.859559419175584 15.479026022853182 -1.4244082793059856
8.348758979902392 16.938585217388344 -1.4716921224668789
7.837958540629198 18.39814441192351 -1.5189759656277726
7.327158101356004 19.857703606458674 -1.5662598087886659
6.816357662082811 21.31726280099384 -1.6135436519495596
6.305557222809617 22.776821995529005 -1.660827495110453
5.794756783536425 24.23638119006417 -1.7081113382713464
5.283956344263231 25.695940384599332 -1.75539518143224
4.773155904990038 27.1554995791345 -1.8026790245931334
4.262355465716844 28.615058773669663 -1.849962867754027
3.066714143055428 29.112499514660243 -2.0992170164105923
2.2262269918907536 28.17622603709102 -2.271439053566004
1.385739840726079 27.239952559521793 -2.443661090721416
0.5452526895614045 26.30367908195257 -2.6158831278768275
-0.18338558838559615 25.02858895767476 -2.4005173626136176
-0.9120238663325968 23.753498833396954 -2.1851515973504076
-1.6406621442795974 22.478408709119144 -1.9697858320871977
-2.369300422226598 21.203318584841337 -1.7544200668239875
-3.0979387001735987 19.928228460563528 -1.5390543015607774
-3.8265769781205994 18.65313833628572 -1.3236885362975677
-4.5552152560676005 17.37804821200791 -1.1083227710343575
-4.027861724983393 15.760795905647052 -1.123802015927629
-3.5005081938991855 14.143543599286193 -1.1392812608209006
-2.973154662814978 12.526291292925332 -1.154760505714172
-2.445801131730771 10.909038986564473 -1.1702397506074438
-1.9184476006465636 9.291786680203614 -1.1857189955007152
-1.3910940695623562 7.674534373842755 -1.2011982403939867
-0.8637405384781491 6.057282067481896 -1.2166774852872584
-0.3363870073939417 4.4400297611210355 -1.2321567301805298
0.1909665236902658 2.8227774547601765 -1.2476359750738015
0.7183200547744732 1.2055251483993175 -1.263115219967073
-0.91 -0.24 0.0