35.0 41.0 0.0
34.700267046977636 39.46332379676539 -0.05659331551131574
34.40053409395527 37.92664759353078 -0.11318663102263148
34.1008011409329 36.38997139029617 -0.1697799465339472
33.80106818791054 34.85329518706156 -0.22637326204526295
33.501335234888174 33.31661898382695 -0.28296657755657867
33.20160228186581 31.779942780592343 -0.3395598930678944
32.90186932884344 30.24326657735773 -0.39615320857921016
32.602136375821075 28.70659037412312 -0.4527465240905259
32.30240342279871 27.16991417088851 -0.5093398396018416
32.00267046977635 25.6332379676539 -0.5659331551131573
31.70293751675398 24.096561764419288 -0.6225264706244732
31.403204563731613 22.559885561184682 -0.6791197861357888
31.10347161070925 21.02320935795007 -0.7357131016471047
30.803738657686885 19.48653315471546 -0.7923064171584203
30.504005704664518 17.94985695148085 -0.8488997326697361
30.20427275164215 16.41318074824624 -0.9054930481810518
29.904539798619787 14.876504545011628 -0.9620863636923676
29.604806845597423 13.339828341777022 -1.0186796792036832
29.305073892575056 11.803152138542409 -1.075272994714999
29.00534093955269 10.266475935307803 -1.1318663102263147
28.705607986530325 8.72979973207319 -1.1884596257376305
28.40587503350796 7.193123528838576 -1.2450529412489464
28.106142080485593 5.656447325603963 -1.3016462567602622
27.80640912746323 4.1197711223693645 -1.3582395722715777
27.506676174440862 2.5830949191347514 -1.4148328877828935
27.2069432214185 1.0464187159001384 -1.4714262032942094
26.90721026839613 -0.4902574873344747 -1.528019518805525
26.607477315373767 -2.0269336905690807 -1.5846128343168406
26.3077443623514 -3.5636098938036866 -1.6412061498281565
26.008011409329036 -5.1002860970383 -1.6977994653394721
25.70827845630667 -6.636962300272913 -1.754392780850788
25.408545503284305 -8.173638503507519 -1.8109860963621036
25.108812550261938 -9.710314706742132 -1.8675794118734195
24.809079597239574 -11.246990909976745 -1.924172727384735
24.509346644217207 -12.78366711321135 -1.980766042896051
24.209613691194843 -14.320343316445957 -2.0373593584073664
23.909880738172475 -15.85701951968057 -2.0939526739186824
23.61014778515011 -17.393695722915183 -2.150545989429998
23.310414832127748 -18.930371926149796 -2.2071393049413137
23.01068187910538 -20.467048129384395 -2.2637326204526294
22.710948926083013 -22.003724332619008 -2.3203259359639454
22.41121597306065 -23.540400535853625 -2.376919251475261
20.903567973702064 -23.985629094523777 -2.3203259359639454
19.395919974343474 -24.43085765319393 -2.26373262045263
17.88827197498489 -24.87608621186408 -2.2071393049413137
16.380623975626303 -25.321314770534233 -2.150545989429998
14.872975976267716 -25.766543329204385 -2.0939526739186824
13.365327976909128 -26.211771887874534 -2.037359358407367
11.857679977550543 -26.657000446544686 -1.980766042896051
10.350031978191955 -27.102229005214838 -1.924172727384735
8.842383978833368 -27.54745756388499 -1.8675794118734195
7.334735979474782 -27.992686122555142 -1.8109860963621038
5.827087980116193 -28.437914681225294 -1.7543927808507878
4.319439980757608 -28.883143239895446 -1.6977994653394721
2.8117919813990184 -29.3283717985656 -1.6412061498281565
1.3041439820404364 -29.77360035723575 -1.5846128343168409
-0.20350401731815282 -30.218828915905902 -1.528019518805525
-1.7111520166767384 -30.664057474576055 -1.4714262032942091
-3.2188000160353276 -31.109286033246207 -1.4148328877828935
-4.726448015393913 -31.55451459191636 -1.3582395722715779
-6.234096014752499 -31.99974315058651 -1.301646256760262
-7.7417440141110845 -32.44497170925666 -1.2450529412489464
-9.249392013469674 -32.890200267926815 -1.1884596257376305
-10.757040012828263 -33.33542882659697 -1.1318663102263147
-12.264688012186852 -33.78065738526712 -1.0752729947149988
-13.772336011545434 -34.22588594393727 -1.0186796792036834
-15.279984010904023 -34.67111450260742 -0.9620863636923676
-16.787632010262612 -35.116343061277576 -0.9054930481810517
-18.295280009621194 -35.56157161994773 -0.8488997326697361
-19.802928008979777 -36.00680017861788 -0.7923064171584204
-21.310576008338366 -36.45202873728803 -0.7357131016471046
-22.818224007696955 -36.897257295958184 -0.6791197861357889
-24.325872007055544 -37.342485854628336 -0.6225264706244731
-25.833520006414126 -37.78771441329848 -0.5659331551131574
-27.341168005772715 -38.23294297196863 -0.5093398396018416
-28.848816005131305 -38.678171530638785 -0.45274652409052596
-30.356464004489894 -39.12340008930894 -0.3961532085792101
-31.864112003848476 -39.56862864797909 -0.3395598930678947
-33.37176000320706 -40.01385720664924 -0.2829665775565786
-34.87940800256565 -40.459085765319394 -0.22637326204526298
-36.387056001924236 -40.904314323989546 -0.16977994653394735
-37.89470400128282 -41.3495428826597 -0.11318663102263171
-39.40235200064141 -41.79477144132985 -0.056593315511315634
-40.91 -42.24 0.0