44.0 43.0 2.3736477827122884
43.9829142605068 41.53237342742193 2.2616334208245923
43.965828521013606 40.064746854843854 2.1496190589368958
43.94874278152041 38.59712028226578 2.0376046970491997
43.93165704202721 37.12949370968771 1.9255903351615036
43.578462526998685 35.89903736772405 1.6673967255141973
43.225268011970165 34.66858102576039 1.409203115866891
42.87207349694164 33.43812468379673 1.1510095062195844
42.08704023970025 31.945323877959062 0.5203895835687122
41.30200698245886 30.45252307212139 -0.11023033908215984
39.706121042185266 30.71470314595786 -0.13127347733917055
38.11023510191166 30.976883219794324 -0.15231661559618126
36.514349161638066 31.239063293630792 -0.17335975385319197
35.0123488651228 31.479854814138697 -0.1624468466122695
33.51034856860754 31.720646334646602 -0.15153393937134702
32.00834827209228 31.961437855154507 -0.1406210321304245
30.506347975577015 32.20222937566241 -0.12970812488950204
29.232429912377302 31.65185264357357 0.154744217724106
27.958511849177587 31.101475911484727 0.43919656033771404
26.684593785977874 30.551099179395884 0.7236489029513221
26.58954027153175 29.368609450793194 1.092897670814626
26.494486757085628 28.186119722190504 1.4621464386779301
26.399433242639503 27.003629993587815 1.8313952065412342
26.129018304692814 25.50835490209123 1.70803862640285
25.858603366746124 24.013079810594647 1.5846820462644657
25.588188428799434 22.51780471909806 1.4613254661260815
25.317773490852744 21.02252962760148 1.3379688859876973
25.047358552906054 19.52725453610489 1.214612305849313
24.776943614959364 18.031979444608307 1.0912557257109288
23.733188551033656 17.061380177007443 1.03622100174799
22.689433487107944 16.09078090940658 0.9811862777850514
21.645678423182233 15.120181641805717 0.9261515538221128
20.601923359256524 14.149582374204853 0.871116829859174
19.178514481711673 14.068235496546944 0.7286498019689934
17.755105604166822 13.986888618889036 0.5861827740788128
16.33169672662197 13.905541741231128 0.44371574618863235
14.908287849077118 13.82419486357322 0.3012487182984517
13.484878971532266 13.742847985915311 0.15878169040827117
11.24607117374898 14.196478487209564 -0.17586309696607
10.205478676427687 15.156641001947582 -0.5118592137610134
9.164886179106395 16.1168035166856 -0.8478553305559569
8.124293681785101 17.076966031423616 -1.1838514473509003
7.083701184463808 18.037128546161636 -1.5198475641458438
6.043108687142515 18.997291060899656 -1.8558436809407872
5.002516189821222 19.957453575637672 -2.1918397977357307
4.188516330053954 19.04563718508903 -2.3042639766299904
3.374516470286686 18.13382079454039 -2.41668815552425
2.6547376607436655 16.66822775718915 -2.2379074500984477
1.9349588512006453 15.20263471983791 -2.059126744672645
1.215180041657625 13.73704168248667 -1.8803460392468425
0.4954012321146046 12.271448645135429 -1.70156533382104
0.0941929351861322 10.89857297502219 -1.3673373882086697
0.07630083739688256 9.262402309821786 -1.2683359221504533
0.05840873960763292 7.626231644621382 -1.1693344560922367
0.04051664181838327 5.990060979420977 -1.0703329900340204
0.35151005535572033 3.5245062618331415 -1.1409325169292814
-0.15077514788955515 0.7381214786554093 -0.5327944013551775
-0.91 -0.24 0.0